Volatility 3 Framework 2.26.2

PID	Process	Start	End	Path	Protection	Hexdump	Disasm

1048	networkd-dispat	0x7fed1a3a6000	0x7fed1a3a7000	Anonymous Mapping	rwx	
00 00 00 00 00 00 00 00 43 00 00 00 00 00 00 00 ........C.......
4c 8d 15 f9 ff ff ff ff 25 03 00 00 00 0f 1f 00 L.......%.......
40 31 cb 19 ed 7f 00 00 08 f9 82 03 00 00 00 00 @1..............
20 cb a8 19 ed 7f 00 00 f0 f8 82 03 00 00 00 00  ...............	00 00 00 00 00 00 00 00 43 00 00 00 00 00 00 00 4c 8d 15 f9 ff ff ff ff 25 03 00 00 00 0f 1f 00 40 31 cb 19 ed 7f 00 00 08 f9 82 03 00 00 00 00 20 cb a8 19 ed 7f 00 00 f0 f8 82 03 00 00 00 00
1140	unattended-upgr	0x7f0129900000	0x7f0129901000	Anonymous Mapping	rwx	
00 00 00 00 00 00 00 00 43 00 00 00 00 00 00 00 ........C.......
4c 8d 15 f9 ff ff ff ff 25 03 00 00 00 0f 1f 00 L.......%.......
40 21 38 29 01 7f 00 00 88 fb 07 10 00 00 00 00 @!8)............
20 0b c0 28 01 7f 00 00 70 fb 07 10 00 00 00 00  ..(....p.......	00 00 00 00 00 00 00 00 43 00 00 00 00 00 00 00 4c 8d 15 f9 ff ff ff ff 25 03 00 00 00 0f 1f 00 40 21 38 29 01 7f 00 00 88 fb 07 10 00 00 00 00 20 0b c0 28 01 7f 00 00 70 fb 07 10 00 00 00 00
20480	.injector	0x7f3396a68000	0x7f3396a69000	Anonymous Mapping	rwx	
90 90 90 90 90 90 90 90 cc 31 c0 48 31 ff c3 90 .........1.H1...
90 90 90 00 00 00 00 00 00 00 00 00 00 00 00 00 ................
00 00 00 00 00 00 00 00 00 00 00 00 00 00 00 00 ................
00 00 00 00 00 00 00 00 00 00 00 00 00 00 00 00 ................	90 90 90 90 90 90 90 90 cc 31 c0 48 31 ff c3 90 90 90 90 00 00 00 00 00 00 00 00 00 00 00 00 00 00 00 00 00 00 00 00 00 00 00 00 00 00 00 00 00 00 00 00 00 00 00 00 00 00 00 00 00 00 00 00 00
